"Attacked","Availability","Confidentiality","Integrity","tick"
0.0,1.0,1.0,1.0,1.0
0.0,1.0,1.0,1.0,2.0
0.0,1.0,1.0,1.0,3.0
0.0,1.0,1.0,1.0,4.0
0.0,1.0,1.0,1.0,5.0
0.0,1.0,1.0,1.0,6.0
0.0,1.0,1.0,1.0,7.0
0.0,1.0,1.0,1.0,8.0
0.0,1.0,1.0,1.0,9.0
0.0,1.0,1.0,1.0,10.0
0.0,1.0,1.0,1.0,11.0
0.0,1.0,1.0,1.0,12.0
0.0,1.0,1.0,1.0,13.0
0.0,1.0,1.0,1.0,14.0
0.0,1.0,1.0,1.0,15.0
0.0,1.0,1.0,1.0,16.0
0.0,1.0,1.0,1.0,17.0
0.0,1.0,1.0,1.0,18.0
0.0,1.0,1.0,1.0,19.0
0.0,1.0,1.0,1.0,20.0
0.0,1.0,1.0,1.0,21.0
0.0,1.0,1.0,1.0,22.0
0.0,1.0,1.0,1.0,23.0
0.0,1.0,1.0,1.0,24.0
0.0,1.0,1.0,1.0,25.0
0.0,1.0,1.0,1.0,26.0
1.0,1.0,0.9629629629629629,1.0,27.0
1.0,1.0,0.9629629629629629,0.962962962962963,28.0
1.0,0.9629629629629629,0.9629629629629629,0.962962962962963,29.0
1.0,0.9629629629629629,0.9629629629629629,0.962962962962963,30.0
1.0,0.9629629629629629,0.9629629629629629,0.962962962962963,31.0
1.0,0.9259259259259257,0.9259259259259257,0.962962962962963,32.0
1.0,0.9259259259259257,0.8888888888888887,0.962962962962963,33.0
1.0,0.9259259259259257,0.8888888888888887,0.962962962962963,34.0
1.0,0.9259259259259257,0.8888888888888887,0.962962962962963,35.0
1.0,0.9259259259259257,0.8888888888888887,0.962962962962963,36.0
1.0,0.9259259259259257,0.8888888888888887,0.962962962962963,37.0
1.0,0.9259259259259257,0.8888888888888887,0.962962962962963,38.0
1.0,0.9259259259259257,0.8888888888888887,0.962962962962963,39.0
1.0,0.9259259259259257,0.8888888888888887,0.962962962962963,40.0
1.0,0.9259259259259257,0.8888888888888887,0.962962962962963,41.0
1.0,0.9259259259259257,0.8888888888888887,0.962962962962963,42.0
1.0,0.9259259259259257,0.8888888888888887,0.962962962962963,43.0
1.0,0.8888888888888887,0.8888888888888887,0.962962962962963,44.0
1.0,0.8888888888888887,0.8888888888888887,0.962962962962963,45.0
1.0,0.8888888888888887,0.8888888888888887,0.962962962962963,46.0
1.0,0.8888888888888887,0.8888888888888887,0.962962962962963,47.0
1.0,0.8888888888888887,0.8888888888888887,0.962962962962963,48.0
1.0,0.8888888888888887,0.8888888888888887,0.962962962962963,49.0
1.0,0.8888888888888887,0.8888888888888887,0.962962962962963,50.0
1.0,0.8888888888888887,0.8518518518518516,0.962962962962963,51.0
1.0,0.8888888888888887,0.8518518518518516,0.962962962962963,52.0
1.0,0.8888888888888887,0.8518518518518516,0.962962962962963,53.0
1.0,0.8888888888888887,0.8148148148148147,0.962962962962963,54.0
1.0,0.8888888888888887,0.8148148148148147,0.962962962962963,55.0
1.0,0.8888888888888887,0.8148148148148147,0.962962962962963,56.0
1.0,0.8888888888888887,0.8148148148148147,0.962962962962963,57.0
1.0,0.8888888888888887,0.8148148148148147,0.962962962962963,58.0
1.0,0.8888888888888887,0.8148148148148147,0.962962962962963,59.0
1.0,0.8888888888888887,0.8148148148148147,0.962962962962963,60.0
1.0,0.8888888888888887,0.8148148148148147,0.962962962962963,61.0
1.0,0.8888888888888887,0.8148148148148147,0.962962962962963,62.0
1.0,0.8518518518518517,0.8148148148148147,0.962962962962963,63.0
1.0,0.8518518518518517,0.8148148148148147,0.962962962962963,64.0
1.0,0.8518518518518517,0.8148148148148147,0.962962962962963,65.0
1.0,0.8518518518518517,0.8148148148148147,0.962962962962963,66.0
1.0,0.8518518518518517,0.8148148148148147,0.962962962962963,67.0
1.0,0.8518518518518517,0.8148148148148147,0.962962962962963,68.0
1.0,0.8518518518518517,0.8148148148148147,0.9259259259259258,69.0
1.0,0.8518518518518517,0.8148148148148147,0.9259259259259258,70.0
1.0,0.8518518518518517,0.8148148148148147,0.9259259259259258,71.0
1.0,0.8518518518518517,0.8148148148148147,0.9259259259259258,72.0
1.0,0.8518518518518517,0.8148148148148147,0.9259259259259258,73.0
1.0,0.8518518518518517,0.8148148148148147,0.9259259259259258,74.0
1.0,0.8518518518518517,0.8148148148148147,0.9259259259259258,75.0
1.0,0.8518518518518517,0.8148148148148147,0.9259259259259258,76.0
1.0,0.8518518518518517,0.8148148148148147,0.9259259259259258,77.0
1.0,0.8518518518518517,0.8148148148148147,0.9259259259259258,78.0
1.0,0.8518518518518517,0.8148148148148147,0.9259259259259258,79.0
1.0,0.8518518518518517,0.8148148148148147,0.9259259259259258,80.0
1.0,0.8518518518518517,0.8148148148148147,0.9259259259259258,81.0
1.0,0.8518518518518517,0.8148148148148147,0.9259259259259258,82.0
1.0,0.8518518518518517,0.8148148148148147,0.9259259259259258,83.0
1.0,0.8518518518518517,0.8148148148148147,0.9259259259259258,84.0
1.0,0.8518518518518517,0.8148148148148147,0.9259259259259258,85.0
1.0,0.8518518518518517,0.8148148148148147,0.9259259259259258,86.0
1.0,0.8518518518518517,0.8148148148148147,0.9259259259259258,87.0
1.0,0.8518518518518517,0.8148148148148147,0.9259259259259258,88.0
1.0,0.8518518518518517,0.8148148148148147,0.9259259259259258,89.0
1.0,0.8518518518518517,0.8148148148148147,0.9259259259259258,90.0
1.0,0.8518518518518517,0.8148148148148147,0.9259259259259258,91.0
1.0,0.8518518518518517,0.8148148148148147,0.9259259259259258,92.0
1.0,0.8518518518518517,0.8148148148148147,0.9259259259259258,93.0
1.0,0.8518518518518517,0.8148148148148147,0.9259259259259258,94.0
1.0,0.8518518518518517,0.8148148148148147,0.9259259259259258,95.0
1.0,0.8518518518518517,0.8148148148148147,0.9259259259259258,96.0
1.0,0.8518518518518517,0.8148148148148147,0.9259259259259258,97.0
1.0,0.8518518518518517,0.8148148148148147,0.9259259259259258,98.0
1.0,0.8518518518518517,0.8148148148148147,0.9259259259259258,99.0
1.0,0.8518518518518517,0.8148148148148147,0.9259259259259258,100.0
1.0,0.8888888888888886,0.8148148148148147,0.9259259259259258,101.0
1.0,0.8888888888888886,0.8148148148148147,0.9259259259259258,102.0
1.0,0.8888888888888886,0.8148148148148147,0.9259259259259258,103.0
1.0,0.8888888888888886,0.8148148148148147,0.9259259259259258,104.0
1.0,0.8888888888888886,0.8148148148148147,0.9259259259259258,105.0
1.0,0.8888888888888886,0.8148148148148147,0.9259259259259258,106.0
1.0,0.8888888888888886,0.8148148148148147,0.9259259259259258,107.0
1.0,0.8888888888888886,0.8148148148148147,0.9259259259259258,108.0
1.0,0.8888888888888886,0.8148148148148147,0.9259259259259258,109.0
1.0,0.8888888888888886,0.8148148148148147,0.9259259259259258,110.0
1.0,0.8888888888888886,0.8148148148148147,0.9259259259259258,111.0
1.0,0.8888888888888886,0.8148148148148147,0.9259259259259258,112.0
1.0,0.8888888888888886,0.8148148148148147,0.9259259259259258,113.0
1.0,0.8888888888888886,0.8148148148148147,0.9259259259259258,114.0
1.0,0.8888888888888886,0.8148148148148147,0.9259259259259258,115.0
1.0,0.8888888888888886,0.8148148148148147,0.9259259259259258,116.0
1.0,0.8888888888888886,0.8148148148148147,0.9259259259259258,117.0
1.0,0.8888888888888886,0.8148148148148147,0.9259259259259258,118.0
1.0,0.8888888888888886,0.8148148148148147,0.9259259259259258,119.0
1.0,0.8888888888888886,0.8148148148148147,0.9259259259259258,120.0
1.0,0.8888888888888886,0.8148148148148147,0.9259259259259258,121.0
1.0,0.8888888888888886,0.8148148148148147,0.9259259259259258,122.0
1.0,0.8888888888888886,0.8148148148148147,0.9259259259259258,123.0
1.0,0.8888888888888886,0.8148148148148147,0.9259259259259258,124.0
1.0,0.8888888888888886,0.8148148148148147,0.9259259259259258,125.0
1.0,0.8888888888888886,0.8148148148148147,0.9259259259259258,126.0
1.0,0.8888888888888886,0.8148148148148147,0.9259259259259258,127.0
1.0,0.8888888888888886,0.8148148148148147,0.9259259259259258,128.0
1.0,0.8888888888888886,0.8148148148148147,0.9259259259259258,129.0
1.0,0.8888888888888886,0.8148148148148147,0.9259259259259258,130.0
1.0,0.8888888888888886,0.8148148148148147,0.9259259259259258,131.0
1.0,0.8888888888888886,0.8148148148148147,0.9259259259259258,132.0
1.0,0.8888888888888886,0.8148148148148147,0.9259259259259258,133.0
1.0,0.8888888888888886,0.8148148148148147,0.9259259259259258,134.0
1.0,0.8888888888888886,0.8148148148148147,0.9259259259259258,135.0
1.0,0.8888888888888886,0.8148148148148147,0.9259259259259258,136.0
1.0,0.8888888888888886,0.8148148148148147,0.9259259259259258,137.0
1.0,0.8888888888888886,0.8148148148148147,0.9259259259259258,138.0
1.0,0.8888888888888886,0.8148148148148147,0.9259259259259258,139.0
1.0,0.8888888888888886,0.8148148148148147,0.9259259259259258,140.0
1.0,0.8888888888888886,0.8148148148148147,0.9259259259259258,141.0
1.0,0.8888888888888886,0.8148148148148147,0.9259259259259258,142.0
1.0,0.8888888888888886,0.8148148148148147,0.9259259259259258,143.0
1.0,0.8888888888888886,0.8148148148148147,0.9259259259259258,144.0
1.0,0.8888888888888886,0.8148148148148147,0.9259259259259258,145.0
1.0,0.8888888888888886,0.8148148148148147,0.9259259259259258,146.0
1.0,0.8888888888888886,0.8148148148148147,0.9259259259259258,147.0
1.0,0.8888888888888886,0.8148148148148147,0.9259259259259258,148.0
1.0,0.8888888888888886,0.8148148148148147,0.9259259259259258,149.0
1.0,0.8888888888888886,0.8148148148148147,0.9259259259259258,150.0
1.0,0.8888888888888886,0.8148148148148147,0.9259259259259258,151.0
1.0,0.8888888888888886,0.8148148148148147,0.9259259259259258,152.0
1.0,0.8888888888888886,0.8148148148148147,0.9259259259259258,153.0
1.0,0.8888888888888886,0.8148148148148147,0.9259259259259258,154.0
1.0,0.8888888888888886,0.8148148148148147,0.9259259259259258,155.0
1.0,0.8888888888888886,0.8148148148148147,0.9259259259259258,156.0
1.0,0.8888888888888886,0.8148148148148147,0.9259259259259258,157.0
1.0,0.8888888888888886,0.8148148148148147,0.9259259259259258,158.0
1.0,0.8888888888888886,0.8148148148148147,0.9259259259259258,159.0
1.0,0.8888888888888886,0.8148148148148147,0.9259259259259258,160.0
1.0,0.8888888888888886,0.8148148148148147,0.9259259259259258,161.0
1.0,0.8888888888888886,0.8148148148148147,0.9259259259259258,162.0
1.0,0.8888888888888886,0.8148148148148147,0.9259259259259258,163.0
1.0,0.8888888888888886,0.8148148148148147,0.9259259259259258,164.0
1.0,0.8888888888888886,0.8148148148148147,0.9259259259259258,165.0
1.0,0.8888888888888886,0.8148148148148147,0.9259259259259258,166.0
1.0,0.8888888888888886,0.8148148148148147,0.9259259259259258,167.0
1.0,0.8888888888888886,0.8148148148148147,0.9259259259259258,168.0
1.0,0.8888888888888886,0.8148148148148147,0.9259259259259258,169.0
1.0,0.8888888888888886,0.8148148148148147,0.9259259259259258,170.0
1.0,0.8888888888888886,0.8148148148148147,0.9259259259259258,171.0
1.0,0.8888888888888886,0.8148148148148147,0.9259259259259258,172.0
1.0,0.8888888888888886,0.8148148148148147,0.9259259259259258,173.0
1.0,0.8888888888888886,0.8148148148148147,0.9259259259259258,174.0
1.0,0.8888888888888886,0.8148148148148147,0.9259259259259258,175.0
1.0,0.8888888888888886,0.8148148148148147,0.9259259259259258,176.0
1.0,0.8888888888888886,0.8148148148148147,0.9259259259259258,177.0
1.0,0.8888888888888886,0.8148148148148147,0.9259259259259258,178.0
1.0,0.8888888888888886,0.8148148148148147,0.9259259259259258,179.0
1.0,0.8888888888888886,0.8148148148148147,0.9259259259259258,180.0
1.0,0.8888888888888886,0.8148148148148147,0.9259259259259258,181.0
1.0,0.8888888888888886,0.8148148148148147,0.9259259259259258,182.0
1.0,0.8888888888888886,0.8148148148148147,0.9259259259259258,183.0
1.0,0.8888888888888886,0.8148148148148147,0.9259259259259258,184.0
1.0,0.8888888888888886,0.8148148148148147,0.9259259259259258,185.0
1.0,0.8888888888888886,0.8148148148148147,0.9259259259259258,186.0
1.0,0.8888888888888886,0.8148148148148147,0.9259259259259258,187.0
1.0,0.8888888888888886,0.8148148148148147,0.9259259259259258,188.0
1.0,0.8888888888888886,0.8148148148148147,0.9259259259259258,189.0
1.0,0.8888888888888886,0.8148148148148147,0.9259259259259258,190.0
1.0,0.8888888888888886,0.8148148148148147,0.9259259259259258,191.0
1.0,0.8888888888888886,0.8148148148148147,0.9259259259259258,192.0
1.0,0.8888888888888886,0.8148148148148147,0.9259259259259258,193.0
1.0,0.8888888888888886,0.8148148148148147,0.9259259259259258,194.0
1.0,0.8888888888888886,0.8148148148148147,0.9259259259259258,195.0
1.0,0.8888888888888886,0.8148148148148147,0.9259259259259258,196.0
1.0,0.8888888888888886,0.8148148148148147,0.9259259259259258,197.0
1.0,0.8888888888888886,0.8148148148148147,0.9259259259259258,198.0
1.0,0.8888888888888886,0.8148148148148147,0.9259259259259258,199.0
1.0,0.8888888888888886,0.8148148148148147,0.9259259259259258,200.0
1.0,0.8888888888888886,0.8148148148148147,0.9259259259259258,201.0
1.0,0.8888888888888886,0.8148148148148147,0.9259259259259258,202.0
1.0,0.8888888888888886,0.8148148148148147,0.9259259259259258,203.0
1.0,0.8888888888888886,0.8148148148148147,0.9259259259259258,204.0
1.0,0.8888888888888886,0.8148148148148147,0.9259259259259258,205.0
1.0,0.8888888888888886,0.8148148148148147,0.9259259259259258,206.0
1.0,0.8888888888888886,0.8148148148148147,0.9259259259259258,207.0
1.0,0.8888888888888886,0.8148148148148147,0.9259259259259258,208.0
1.0,0.8888888888888886,0.8148148148148147,0.9259259259259258,209.0
1.0,0.8888888888888886,0.8148148148148147,0.9259259259259258,210.0
1.0,0.8888888888888886,0.8148148148148147,0.9259259259259258,211.0
1.0,0.8888888888888886,0.8148148148148147,0.9259259259259258,212.0
1.0,0.8888888888888886,0.8148148148148147,0.9259259259259258,213.0
1.0,0.8888888888888886,0.8148148148148147,0.9259259259259258,214.0
1.0,0.8888888888888886,0.8148148148148147,0.9259259259259258,215.0
1.0,0.8888888888888886,0.8148148148148147,0.9259259259259258,216.0
1.0,0.8888888888888886,0.8148148148148147,0.9259259259259258,217.0
1.0,0.8888888888888886,0.8148148148148147,0.9259259259259258,218.0
1.0,0.8888888888888886,0.8148148148148147,0.9259259259259258,219.0
1.0,0.8888888888888886,0.8148148148148147,0.9259259259259258,220.0
1.0,0.8888888888888886,0.8148148148148147,0.9259259259259258,221.0
1.0,0.8888888888888886,0.8148148148148147,0.9259259259259258,222.0
1.0,0.8888888888888886,0.8148148148148147,0.9259259259259258,223.0
1.0,0.8888888888888886,0.8148148148148147,0.9259259259259258,224.0
1.0,0.8888888888888886,0.8148148148148147,0.9259259259259258,225.0
1.0,0.8888888888888886,0.8148148148148147,0.9259259259259258,226.0
1.0,0.8888888888888886,0.8148148148148147,0.9259259259259258,227.0
1.0,0.8888888888888886,0.8148148148148147,0.9259259259259258,228.0
1.0,0.8888888888888886,0.8148148148148147,0.9259259259259258,229.0
1.0,0.8888888888888886,0.8148148148148147,0.9259259259259258,230.0
1.0,0.8888888888888886,0.8148148148148147,0.9259259259259258,231.0
1.0,0.8888888888888886,0.8148148148148147,0.9259259259259258,232.0
1.0,0.8888888888888886,0.8148148148148147,0.9259259259259258,233.0
1.0,0.8888888888888886,0.8148148148148147,0.9259259259259258,234.0
1.0,0.8888888888888886,0.8148148148148147,0.9259259259259258,235.0
1.0,0.8888888888888886,0.8148148148148147,0.9259259259259258,236.0
1.0,0.8888888888888886,0.8148148148148147,0.9259259259259258,237.0
1.0,0.8888888888888886,0.8148148148148147,0.9259259259259258,238.0
1.0,0.8888888888888886,0.8148148148148147,0.9259259259259258,239.0
1.0,0.8888888888888886,0.8148148148148147,0.9259259259259258,240.0
1.0,0.8888888888888886,0.8148148148148147,0.9259259259259258,241.0
1.0,0.8888888888888886,0.8148148148148147,0.9259259259259258,242.0
1.0,0.8888888888888886,0.8148148148148147,0.9259259259259258,243.0
1.0,0.8888888888888886,0.8148148148148147,0.9259259259259258,244.0
1.0,0.8888888888888886,0.8148148148148147,0.9259259259259258,245.0
1.0,0.8888888888888886,0.8148148148148147,0.9259259259259258,246.0
1.0,0.8888888888888886,0.8148148148148147,0.9259259259259258,247.0
1.0,0.8888888888888886,0.8148148148148147,0.9259259259259258,248.0
1.0,0.8888888888888886,0.8148148148148147,0.9259259259259258,249.0
1.0,0.8888888888888886,0.8148148148148147,0.9259259259259258,250.0
1.0,0.8888888888888886,0.8148148148148147,0.9259259259259258,251.0
1.0,0.8888888888888886,0.8148148148148147,0.9259259259259258,252.0
1.0,0.8888888888888886,0.8148148148148147,0.9259259259259258,253.0
1.0,0.8888888888888886,0.8148148148148147,0.9259259259259258,254.0
1.0,0.8888888888888886,0.8148148148148147,0.9259259259259258,255.0
1.0,0.8888888888888886,0.8148148148148147,0.9259259259259258,256.0
1.0,0.8888888888888886,0.8148148148148147,0.9259259259259258,257.0
1.0,0.8888888888888886,0.8148148148148147,0.9259259259259258,258.0
1.0,0.8888888888888886,0.8148148148148147,0.9259259259259258,259.0
1.0,0.8888888888888886,0.8148148148148147,0.9259259259259258,260.0
1.0,0.8888888888888886,0.8148148148148147,0.9259259259259258,261.0
1.0,0.8888888888888886,0.8148148148148147,0.9259259259259258,262.0
1.0,0.8888888888888886,0.8148148148148147,0.9259259259259258,263.0
1.0,0.8888888888888886,0.8148148148148147,0.9259259259259258,264.0
1.0,0.8888888888888886,0.8148148148148147,0.9259259259259258,265.0
1.0,0.8888888888888886,0.8148148148148147,0.9259259259259258,266.0
1.0,0.8888888888888886,0.8148148148148147,0.9259259259259258,267.0
1.0,0.8888888888888886,0.8148148148148147,0.9259259259259258,268.0
1.0,0.8888888888888886,0.8148148148148147,0.9259259259259258,269.0
1.0,0.8888888888888886,0.8148148148148147,0.9259259259259258,270.0
1.0,0.8888888888888886,0.8148148148148147,0.9259259259259258,271.0
1.0,0.8888888888888886,0.8148148148148147,0.9259259259259258,272.0
1.0,0.8888888888888886,0.8148148148148147,0.9259259259259258,273.0
1.0,0.8888888888888886,0.8148148148148147,0.9259259259259258,274.0
1.0,0.8888888888888886,0.8148148148148147,0.9259259259259258,275.0
1.0,0.8888888888888886,0.8148148148148147,0.9259259259259258,276.0
1.0,0.8888888888888886,0.8148148148148147,0.9259259259259258,277.0
1.0,0.8888888888888886,0.8148148148148147,0.9259259259259258,278.0
1.0,0.8888888888888886,0.8148148148148147,0.9259259259259258,279.0
1.0,0.8888888888888886,0.8148148148148147,0.9259259259259258,280.0
1.0,0.8888888888888886,0.8148148148148147,0.9259259259259258,281.0
1.0,0.8888888888888886,0.8148148148148147,0.9259259259259258,282.0
1.0,0.8888888888888886,0.8148148148148147,0.9259259259259258,283.0
1.0,0.8888888888888886,0.8148148148148147,0.9259259259259258,284.0
1.0,0.8888888888888886,0.8148148148148147,0.9259259259259258,285.0
1.0,0.8888888888888886,0.8148148148148147,0.9259259259259258,286.0
1.0,0.8888888888888886,0.8148148148148147,0.9259259259259258,287.0
1.0,0.8888888888888886,0.8148148148148147,0.9259259259259258,288.0
1.0,0.8888888888888886,0.8148148148148147,0.9259259259259258,289.0
1.0,0.8888888888888886,0.8148148148148147,0.9259259259259258,290.0
1.0,0.8888888888888886,0.8148148148148147,0.9259259259259258,291.0
1.0,0.8888888888888886,0.8148148148148147,0.9259259259259258,292.0
1.0,0.8888888888888886,0.8148148148148147,0.9259259259259258,293.0
1.0,0.8888888888888886,0.8148148148148147,0.9259259259259258,294.0
1.0,0.8888888888888886,0.8148148148148147,0.9259259259259258,295.0
1.0,0.8888888888888886,0.8148148148148147,0.9259259259259258,296.0
1.0,0.8888888888888886,0.8148148148148147,0.9259259259259258,297.0
1.0,0.8888888888888886,0.8148148148148147,0.9259259259259258,298.0
1.0,0.8888888888888886,0.8148148148148147,0.9259259259259258,299.0
1.0,0.8888888888888886,0.8148148148148147,0.9259259259259258,300.0
1.0,0.8888888888888886,0.8148148148148147,0.9259259259259258,301.0
1.0,0.8888888888888886,0.8148148148148147,0.9259259259259258,302.0
1.0,0.8888888888888886,0.8148148148148147,0.9259259259259258,303.0
1.0,0.8888888888888886,0.8148148148148147,0.9259259259259258,304.0
1.0,0.8888888888888886,0.8148148148148147,0.9259259259259258,305.0
1.0,0.8888888888888886,0.8148148148148147,0.9259259259259258,306.0
1.0,0.8888888888888886,0.8148148148148147,0.9259259259259258,307.0
1.0,0.8888888888888886,0.8148148148148147,0.9259259259259258,308.0
1.0,0.8888888888888886,0.8148148148148147,0.9259259259259258,309.0
1.0,0.8888888888888886,0.8148148148148147,0.9259259259259258,310.0
1.0,0.8888888888888886,0.8148148148148147,0.9259259259259258,311.0
1.0,0.8888888888888886,0.8148148148148147,0.9259259259259258,312.0
1.0,0.8888888888888886,0.8148148148148147,0.9259259259259258,313.0
1.0,0.8888888888888886,0.8148148148148147,0.9259259259259258,314.0
1.0,0.8888888888888886,0.8148148148148147,0.9259259259259258,315.0
1.0,0.8888888888888886,0.8148148148148147,0.9259259259259258,316.0
1.0,0.8888888888888886,0.8148148148148147,0.9259259259259258,317.0
1.0,0.8888888888888886,0.8148148148148147,0.9259259259259258,318.0
1.0,0.8888888888888886,0.8148148148148147,0.9259259259259258,319.0
1.0,0.8888888888888886,0.8148148148148147,0.9259259259259258,320.0
1.0,0.8888888888888886,0.8148148148148147,0.9259259259259258,321.0
1.0,0.8888888888888886,0.8148148148148147,0.9259259259259258,322.0
1.0,0.8888888888888886,0.8148148148148147,0.9259259259259258,323.0
1.0,0.8888888888888886,0.8148148148148147,0.9259259259259258,324.0
1.0,0.8888888888888886,0.8148148148148147,0.9259259259259258,325.0
1.0,0.8888888888888886,0.8148148148148147,0.9259259259259258,326.0
1.0,0.8888888888888886,0.8148148148148147,0.9259259259259258,327.0
1.0,0.8888888888888886,0.8148148148148147,0.9259259259259258,328.0
1.0,0.8888888888888886,0.8148148148148147,0.9259259259259258,329.0
1.0,0.8888888888888886,0.8148148148148147,0.9259259259259258,330.0
1.0,0.8888888888888886,0.8148148148148147,0.9259259259259258,331.0
1.0,0.8888888888888886,0.8148148148148147,0.9259259259259258,332.0
1.0,0.8888888888888886,0.8148148148148147,0.9259259259259258,333.0
1.0,0.8888888888888886,0.8148148148148147,0.9259259259259258,334.0
1.0,0.8888888888888886,0.8148148148148147,0.9259259259259258,335.0
1.0,0.8888888888888886,0.8148148148148147,0.9259259259259258,336.0
1.0,0.8888888888888886,0.8148148148148147,0.9259259259259258,337.0
1.0,0.8888888888888886,0.8148148148148147,0.9259259259259258,338.0
1.0,0.8888888888888886,0.8148148148148147,0.9259259259259258,339.0
1.0,0.8888888888888886,0.8148148148148147,0.9259259259259258,340.0
1.0,0.8888888888888886,0.8148148148148147,0.9259259259259258,341.0
1.0,0.8888888888888886,0.8148148148148147,0.9259259259259258,342.0
1.0,0.8888888888888886,0.8148148148148147,0.9259259259259258,343.0
1.0,0.8888888888888886,0.8148148148148147,0.9259259259259258,344.0
1.0,0.8888888888888886,0.8148148148148147,0.9259259259259258,345.0
1.0,0.8888888888888886,0.8148148148148147,0.9259259259259258,346.0
1.0,0.8888888888888886,0.8148148148148147,0.9259259259259258,347.0
1.0,0.8888888888888886,0.8148148148148147,0.9259259259259258,348.0
1.0,0.8888888888888886,0.8148148148148147,0.9259259259259258,349.0
1.0,0.8888888888888886,0.8148148148148147,0.9259259259259258,350.0
1.0,0.8888888888888886,0.8148148148148147,0.9259259259259258,351.0
1.0,0.8888888888888886,0.8148148148148147,0.9259259259259258,352.0
1.0,0.8888888888888886,0.8148148148148147,0.9259259259259258,353.0
1.0,0.8888888888888886,0.8148148148148147,0.9259259259259258,354.0
1.0,0.8888888888888886,0.8148148148148147,0.9259259259259258,355.0
1.0,0.8888888888888886,0.8148148148148147,0.9259259259259258,356.0
1.0,0.8888888888888886,0.8148148148148147,0.9259259259259258,357.0
1.0,0.8888888888888886,0.8148148148148147,0.9259259259259258,358.0
1.0,0.8888888888888886,0.8148148148148147,0.9259259259259258,359.0
1.0,0.8888888888888886,0.8148148148148147,0.9259259259259258,360.0
1.0,0.8888888888888886,0.8148148148148147,0.9259259259259258,361.0
1.0,0.8888888888888886,0.8148148148148147,0.9259259259259258,362.0
1.0,0.8888888888888886,0.8148148148148147,0.9259259259259258,363.0
1.0,0.8888888888888886,0.8148148148148147,0.9259259259259258,364.0
1.0,0.8888888888888886,0.8148148148148147,0.9259259259259258,365.0
1.0,0.8888888888888886,0.8148148148148147,0.9259259259259258,366.0
1.0,0.8888888888888886,0.8148148148148147,0.9259259259259258,367.0
1.0,0.8888888888888886,0.8148148148148147,0.9259259259259258,368.0
1.0,0.8888888888888886,0.8148148148148147,0.9259259259259258,369.0
1.0,0.8888888888888886,0.8148148148148147,0.9259259259259258,370.0
1.0,0.8888888888888886,0.8148148148148147,0.9259259259259258,371.0
1.0,0.8888888888888886,0.8148148148148147,0.9259259259259258,372.0
1.0,0.8888888888888886,0.8148148148148147,0.9259259259259258,373.0
1.0,0.8888888888888886,0.8148148148148147,0.9259259259259258,374.0
1.0,0.8888888888888886,0.8148148148148147,0.9259259259259258,375.0
1.0,0.8888888888888886,0.8148148148148147,0.9259259259259258,376.0
1.0,0.8888888888888886,0.8148148148148147,0.9259259259259258,377.0
1.0,0.8888888888888886,0.8148148148148147,0.9259259259259258,378.0
1.0,0.8888888888888886,0.8148148148148147,0.9259259259259258,379.0
1.0,0.8888888888888886,0.8148148148148147,0.9259259259259258,380.0
1.0,0.8888888888888886,0.8148148148148147,0.9259259259259258,381.0
1.0,0.8888888888888886,0.8148148148148147,0.9259259259259258,382.0
1.0,0.8888888888888886,0.8148148148148147,0.9259259259259258,383.0
1.0,0.8888888888888886,0.8148148148148147,0.9259259259259258,384.0
1.0,0.8888888888888886,0.8148148148148147,0.9259259259259258,385.0
1.0,0.8888888888888886,0.8148148148148147,0.9259259259259258,386.0
1.0,0.8888888888888886,0.8148148148148147,0.9259259259259258,387.0
1.0,0.8888888888888886,0.8148148148148147,0.9259259259259258,388.0
1.0,0.8888888888888886,0.8148148148148147,0.9259259259259258,389.0
1.0,0.8888888888888886,0.8148148148148147,0.9259259259259258,390.0
1.0,0.8888888888888886,0.8148148148148147,0.9259259259259258,391.0
1.0,0.8888888888888886,0.8148148148148147,0.9259259259259258,392.0
1.0,0.8888888888888886,0.8148148148148147,0.9259259259259258,393.0
1.0,0.8888888888888886,0.8148148148148147,0.9259259259259258,394.0
1.0,0.8888888888888886,0.8148148148148147,0.9259259259259258,395.0
1.0,0.8888888888888886,0.8148148148148147,0.9259259259259258,396.0
1.0,0.8888888888888886,0.8148148148148147,0.9259259259259258,397.0
1.0,0.8888888888888886,0.8148148148148147,0.9259259259259258,398.0
1.0,0.8888888888888886,0.8148148148148147,0.9259259259259258,399.0
1.0,0.8888888888888886,0.8148148148148147,0.9259259259259258,400.0
1.0,0.8888888888888886,0.8148148148148147,0.9259259259259258,401.0
1.0,0.8888888888888886,0.8148148148148147,0.9259259259259258,402.0
1.0,0.8888888888888886,0.8148148148148147,0.9259259259259258,403.0
1.0,0.8888888888888886,0.8148148148148147,0.9259259259259258,404.0
1.0,0.8888888888888886,0.8148148148148147,0.9259259259259258,405.0
1.0,0.8888888888888886,0.8148148148148147,0.9259259259259258,406.0
1.0,0.8888888888888886,0.8148148148148147,0.9259259259259258,407.0
1.0,0.8888888888888886,0.8148148148148147,0.9259259259259258,408.0
1.0,0.8888888888888886,0.8148148148148147,0.9259259259259258,409.0
1.0,0.8888888888888886,0.8148148148148147,0.9259259259259258,410.0
1.0,0.8888888888888886,0.8148148148148147,0.9259259259259258,411.0
1.0,0.8888888888888886,0.8148148148148147,0.9259259259259258,412.0
1.0,0.8888888888888886,0.8148148148148147,0.9259259259259258,413.0
1.0,0.8888888888888886,0.8148148148148147,0.9259259259259258,414.0
1.0,0.8888888888888886,0.8148148148148147,0.9259259259259258,415.0
1.0,0.8888888888888886,0.8148148148148147,0.9259259259259258,416.0
1.0,0.8888888888888886,0.8148148148148147,0.9259259259259258,417.0
1.0,0.8888888888888886,0.8148148148148147,0.9259259259259258,418.0
1.0,0.8888888888888886,0.8148148148148147,0.9259259259259258,419.0
1.0,0.8888888888888886,0.8148148148148147,0.9259259259259258,420.0
1.0,0.8888888888888886,0.8148148148148147,0.9259259259259258,421.0
1.0,0.8888888888888886,0.8148148148148147,0.9259259259259258,422.0
1.0,0.8888888888888886,0.8148148148148147,0.9259259259259258,423.0
1.0,0.8888888888888886,0.8148148148148147,0.9259259259259258,424.0
1.0,0.8888888888888886,0.8148148148148147,0.9259259259259258,425.0
1.0,0.8888888888888886,0.8148148148148147,0.9259259259259258,426.0
1.0,0.8888888888888886,0.8148148148148147,0.9259259259259258,427.0
1.0,0.8888888888888886,0.8148148148148147,0.9259259259259258,428.0
1.0,0.8888888888888886,0.8148148148148147,0.9259259259259258,429.0
1.0,0.8888888888888886,0.8148148148148147,0.9259259259259258,430.0
1.0,0.8888888888888886,0.8148148148148147,0.9259259259259258,431.0
1.0,0.8888888888888886,0.8148148148148147,0.9259259259259258,432.0
1.0,0.8888888888888886,0.8148148148148147,0.9259259259259258,433.0
1.0,0.8888888888888886,0.8148148148148147,0.9259259259259258,434.0
1.0,0.8888888888888886,0.8148148148148147,0.9259259259259258,435.0
1.0,0.8888888888888886,0.8148148148148147,0.9259259259259258,436.0
1.0,0.8888888888888886,0.8148148148148147,0.9259259259259258,437.0
1.0,0.8888888888888886,0.8148148148148147,0.9259259259259258,438.0
1.0,0.8888888888888886,0.8148148148148147,0.9259259259259258,439.0
1.0,0.8888888888888886,0.8148148148148147,0.9259259259259258,440.0
1.0,0.8888888888888886,0.8148148148148147,0.9259259259259258,441.0
1.0,0.8888888888888886,0.8148148148148147,0.9259259259259258,442.0
1.0,0.8888888888888886,0.8148148148148147,0.9259259259259258,443.0
1.0,0.8888888888888886,0.8148148148148147,0.9259259259259258,444.0
1.0,0.8888888888888886,0.8148148148148147,0.9259259259259258,445.0
1.0,0.8888888888888886,0.8148148148148147,0.9259259259259258,446.0
1.0,0.8888888888888886,0.8148148148148147,0.9259259259259258,447.0
1.0,0.8888888888888886,0.8148148148148147,0.9259259259259258,448.0
1.0,0.8888888888888886,0.8148148148148147,0.9259259259259258,449.0
1.0,0.8888888888888886,0.8148148148148147,0.9259259259259258,450.0
1.0,0.8888888888888886,0.8148148148148147,0.962962962962963,451.0
1.0,0.8888888888888886,0.8148148148148147,0.962962962962963,452.0
1.0,0.8888888888888886,0.8148148148148147,0.962962962962963,453.0
1.0,0.8888888888888886,0.8148148148148147,0.962962962962963,454.0
1.0,0.8888888888888886,0.8148148148148147,0.962962962962963,455.0
1.0,0.8888888888888886,0.8148148148148147,0.962962962962963,456.0
1.0,0.8888888888888886,0.8148148148148147,0.962962962962963,457.0
1.0,0.8888888888888886,0.8148148148148147,0.962962962962963,458.0
1.0,0.8888888888888886,0.8148148148148147,0.962962962962963,459.0
1.0,0.8888888888888886,0.8148148148148147,0.962962962962963,460.0
1.0,0.8888888888888886,0.8148148148148147,0.962962962962963,461.0
1.0,0.8888888888888886,0.8148148148148147,0.962962962962963,462.0
1.0,0.8888888888888886,0.8148148148148147,0.962962962962963,463.0
1.0,0.8888888888888886,0.8148148148148147,0.962962962962963,464.0
1.0,0.8888888888888886,0.8148148148148147,0.962962962962963,465.0
1.0,0.8888888888888886,0.8148148148148147,0.962962962962963,466.0
1.0,0.8888888888888886,0.8148148148148147,0.962962962962963,467.0
1.0,0.8888888888888886,0.8148148148148147,0.962962962962963,468.0
1.0,0.8888888888888886,0.8148148148148147,0.962962962962963,469.0
1.0,0.8888888888888886,0.8148148148148147,0.962962962962963,470.0
1.0,0.8888888888888886,0.8148148148148147,0.962962962962963,471.0
1.0,0.8888888888888886,0.8148148148148147,0.962962962962963,472.0
1.0,0.8888888888888886,0.8148148148148147,0.962962962962963,473.0
1.0,0.8888888888888886,0.8148148148148147,0.962962962962963,474.0
1.0,0.8888888888888886,0.8148148148148147,0.962962962962963,475.0
1.0,0.8888888888888886,0.8148148148148147,0.962962962962963,476.0
1.0,0.8888888888888886,0.8148148148148147,0.962962962962963,477.0
1.0,0.8888888888888886,0.8148148148148147,0.962962962962963,478.0
1.0,0.8888888888888886,0.8148148148148147,0.962962962962963,479.0
1.0,0.8888888888888886,0.8148148148148147,0.962962962962963,480.0
1.0,0.8888888888888886,0.8148148148148147,0.962962962962963,481.0
1.0,0.8888888888888886,0.8148148148148147,0.962962962962963,482.0
1.0,0.8888888888888886,0.8148148148148147,0.962962962962963,483.0
1.0,0.8888888888888886,0.8148148148148147,0.962962962962963,484.0
1.0,0.8888888888888886,0.8148148148148147,0.962962962962963,485.0
1.0,0.8888888888888886,0.8148148148148147,0.962962962962963,486.0
1.0,0.8888888888888886,0.8148148148148147,0.962962962962963,487.0
1.0,0.8888888888888886,0.8148148148148147,0.962962962962963,488.0
1.0,0.8888888888888886,0.8148148148148147,0.962962962962963,489.0
1.0,0.8888888888888886,0.8148148148148147,0.962962962962963,490.0
1.0,0.8888888888888886,0.8148148148148147,0.962962962962963,491.0
1.0,0.8888888888888886,0.8148148148148147,0.962962962962963,492.0
1.0,0.8888888888888886,0.8148148148148147,0.962962962962963,493.0
1.0,0.8888888888888886,0.8148148148148147,0.962962962962963,494.0
1.0,0.8888888888888886,0.8148148148148147,0.962962962962963,495.0
1.0,0.8888888888888886,0.8148148148148147,0.962962962962963,496.0
1.0,0.8888888888888886,0.8148148148148147,0.962962962962963,497.0
1.0,0.8888888888888886,0.8148148148148147,0.962962962962963,498.0
1.0,0.8888888888888886,0.8148148148148147,0.962962962962963,499.0
1.0,0.8888888888888886,0.8148148148148147,0.962962962962963,500.0
1.0,0.8888888888888886,0.8148148148148147,0.962962962962963,501.0
1.0,0.8888888888888886,0.8148148148148147,0.962962962962963,502.0
1.0,0.8888888888888886,0.8148148148148147,0.962962962962963,503.0
1.0,0.8888888888888886,0.8148148148148147,0.962962962962963,504.0
1.0,0.8888888888888886,0.8148148148148147,0.962962962962963,505.0
1.0,0.8888888888888886,0.8148148148148147,0.962962962962963,506.0
1.0,0.8888888888888886,0.8148148148148147,0.962962962962963,507.0
1.0,0.8888888888888886,0.8148148148148147,0.962962962962963,508.0
1.0,0.8888888888888886,0.8148148148148147,0.962962962962963,509.0
1.0,0.8888888888888886,0.8148148148148147,0.962962962962963,510.0
1.0,0.8888888888888886,0.8148148148148147,0.962962962962963,511.0
1.0,0.8888888888888886,0.8148148148148147,0.962962962962963,512.0
1.0,0.8888888888888886,0.8148148148148147,0.962962962962963,513.0
1.0,0.8888888888888886,0.8148148148148147,0.962962962962963,514.0
1.0,0.8888888888888886,0.8148148148148147,0.962962962962963,515.0
1.0,0.8888888888888886,0.8148148148148147,0.962962962962963,516.0
1.0,0.8888888888888886,0.8148148148148147,0.962962962962963,517.0
1.0,0.8888888888888886,0.8148148148148147,0.962962962962963,518.0
1.0,0.8888888888888886,0.8148148148148147,0.962962962962963,519.0
1.0,0.8888888888888886,0.8148148148148147,0.962962962962963,520.0
1.0,0.8888888888888886,0.8148148148148147,0.962962962962963,521.0
1.0,0.8888888888888886,0.8148148148148147,0.962962962962963,522.0
1.0,0.8888888888888886,0.8148148148148147,0.962962962962963,523.0
1.0,0.8888888888888886,0.8148148148148147,0.962962962962963,524.0
1.0,0.8888888888888886,0.8148148148148147,0.962962962962963,525.0
1.0,0.8888888888888886,0.8148148148148147,0.962962962962963,526.0
1.0,0.8888888888888886,0.8148148148148147,0.962962962962963,527.0
1.0,0.8888888888888886,0.8148148148148147,0.962962962962963,528.0
1.0,0.8888888888888886,0.8148148148148147,0.962962962962963,529.0
1.0,0.8888888888888886,0.8148148148148147,0.962962962962963,530.0
1.0,0.8888888888888886,0.8148148148148147,0.962962962962963,531.0
1.0,0.8888888888888886,0.8148148148148147,0.962962962962963,532.0
1.0,0.8888888888888886,0.8148148148148147,0.962962962962963,533.0
1.0,0.8888888888888886,0.8148148148148147,0.962962962962963,534.0
1.0,0.8888888888888886,0.8148148148148147,0.962962962962963,535.0
1.0,0.8888888888888886,0.8148148148148147,0.962962962962963,536.0
1.0,0.8888888888888886,0.8148148148148147,0.962962962962963,537.0
1.0,0.8888888888888886,0.8148148148148147,0.962962962962963,538.0
1.0,0.8888888888888886,0.8148148148148147,0.962962962962963,539.0
1.0,0.8888888888888886,0.8148148148148147,0.962962962962963,540.0
1.0,0.8888888888888886,0.8148148148148147,0.962962962962963,541.0
1.0,0.8888888888888886,0.8148148148148147,0.962962962962963,542.0
1.0,0.8888888888888886,0.8148148148148147,0.962962962962963,543.0
1.0,0.8888888888888886,0.8148148148148147,0.962962962962963,544.0
1.0,0.8888888888888886,0.8148148148148147,0.962962962962963,545.0
1.0,0.8888888888888886,0.8148148148148147,0.962962962962963,546.0
1.0,0.8888888888888886,0.8148148148148147,0.962962962962963,547.0
1.0,0.8888888888888886,0.8148148148148147,0.962962962962963,548.0
1.0,0.8888888888888886,0.8148148148148147,0.962962962962963,549.0
1.0,0.8888888888888886,0.8148148148148147,0.962962962962963,550.0
1.0,0.8888888888888886,0.8148148148148147,0.962962962962963,551.0
1.0,0.8888888888888886,0.8148148148148147,0.962962962962963,552.0
1.0,0.8888888888888886,0.8148148148148147,0.962962962962963,553.0
1.0,0.8888888888888886,0.8148148148148147,0.962962962962963,554.0
1.0,0.8888888888888886,0.8148148148148147,0.962962962962963,555.0
1.0,0.8888888888888886,0.8148148148148147,0.962962962962963,556.0
1.0,0.8888888888888886,0.8148148148148147,0.962962962962963,557.0
1.0,0.8888888888888886,0.8148148148148147,0.962962962962963,558.0
1.0,0.8888888888888886,0.8148148148148147,0.962962962962963,559.0
1.0,0.8888888888888886,0.8148148148148147,0.962962962962963,560.0
1.0,0.8888888888888886,0.8148148148148147,0.962962962962963,561.0
1.0,0.8888888888888886,0.8148148148148147,0.962962962962963,562.0
1.0,0.8888888888888886,0.8148148148148147,0.962962962962963,563.0
1.0,0.8888888888888886,0.8148148148148147,0.962962962962963,564.0
1.0,0.8888888888888886,0.8148148148148147,0.962962962962963,565.0
1.0,0.8888888888888886,0.8148148148148147,0.962962962962963,566.0
1.0,0.8888888888888886,0.8148148148148147,0.962962962962963,567.0
1.0,0.8888888888888886,0.8148148148148147,0.962962962962963,568.0
1.0,0.8888888888888886,0.8148148148148147,0.962962962962963,569.0
1.0,0.8888888888888886,0.8148148148148147,0.962962962962963,570.0
1.0,0.8888888888888886,0.8148148148148147,0.962962962962963,571.0
1.0,0.8888888888888886,0.8148148148148147,0.962962962962963,572.0
1.0,0.8888888888888886,0.8148148148148147,0.962962962962963,573.0
1.0,0.8888888888888886,0.8148148148148147,0.962962962962963,574.0
1.0,0.8888888888888886,0.8148148148148147,0.962962962962963,575.0
1.0,0.8888888888888886,0.8148148148148147,0.962962962962963,576.0
1.0,0.8888888888888886,0.8148148148148147,0.962962962962963,577.0
1.0,0.8888888888888886,0.8148148148148147,0.962962962962963,578.0
1.0,0.8888888888888886,0.8148148148148147,0.962962962962963,579.0
1.0,0.8888888888888886,0.8148148148148147,0.962962962962963,580.0
1.0,0.8888888888888886,0.8148148148148147,0.962962962962963,581.0
1.0,0.8888888888888886,0.8148148148148147,0.962962962962963,582.0
1.0,0.8888888888888886,0.8148148148148147,0.962962962962963,583.0
1.0,0.8888888888888886,0.8148148148148147,0.962962962962963,584.0
1.0,0.8888888888888886,0.8148148148148147,0.962962962962963,585.0
1.0,0.8888888888888886,0.8148148148148147,0.962962962962963,586.0
1.0,0.8888888888888886,0.8148148148148147,0.962962962962963,587.0
1.0,0.8888888888888886,0.8148148148148147,0.962962962962963,588.0
1.0,0.8888888888888886,0.8148148148148147,0.962962962962963,589.0
1.0,0.8888888888888886,0.8148148148148147,0.962962962962963,590.0
1.0,0.8888888888888886,0.8148148148148147,0.962962962962963,591.0
1.0,0.8888888888888886,0.8148148148148147,0.962962962962963,592.0
1.0,0.8888888888888886,0.8148148148148147,0.962962962962963,593.0
1.0,0.8888888888888886,0.8148148148148147,0.962962962962963,594.0
1.0,0.8888888888888886,0.8148148148148147,0.962962962962963,595.0
1.0,0.8888888888888886,0.8148148148148147,0.962962962962963,596.0
1.0,0.8888888888888886,0.8148148148148147,0.962962962962963,597.0
1.0,0.8888888888888886,0.8148148148148147,0.962962962962963,598.0
1.0,0.8888888888888886,0.8148148148148147,0.962962962962963,599.0
1.0,0.8888888888888886,0.8148148148148147,0.962962962962963,600.0
1.0,0.8888888888888886,0.8148148148148147,0.962962962962963,601.0
1.0,0.8888888888888886,0.8148148148148147,0.962962962962963,602.0
1.0,0.8888888888888886,0.8148148148148147,0.962962962962963,603.0
1.0,0.8888888888888886,0.8148148148148147,0.962962962962963,604.0
1.0,0.8888888888888886,0.8148148148148147,0.962962962962963,605.0
1.0,0.8888888888888886,0.8148148148148147,0.962962962962963,606.0
1.0,0.8888888888888886,0.8148148148148147,0.962962962962963,607.0
1.0,0.8888888888888886,0.8148148148148147,0.962962962962963,608.0
1.0,0.8888888888888886,0.8148148148148147,0.962962962962963,609.0
1.0,0.8888888888888886,0.8148148148148147,0.962962962962963,610.0
1.0,0.8888888888888886,0.8148148148148147,0.962962962962963,611.0
1.0,0.8888888888888886,0.8148148148148147,0.962962962962963,612.0
1.0,0.8888888888888886,0.8148148148148147,0.962962962962963,613.0
1.0,0.8888888888888886,0.8148148148148147,0.962962962962963,614.0
1.0,0.8888888888888886,0.8148148148148147,0.962962962962963,615.0
1.0,0.8888888888888886,0.8148148148148147,0.962962962962963,616.0
1.0,0.8888888888888886,0.8148148148148147,0.962962962962963,617.0
1.0,0.8888888888888886,0.8148148148148147,0.962962962962963,618.0
1.0,0.8888888888888886,0.8148148148148147,0.962962962962963,619.0
1.0,0.8888888888888886,0.8148148148148147,0.962962962962963,620.0
1.0,0.8888888888888886,0.8148148148148147,0.962962962962963,621.0
1.0,0.8888888888888886,0.8148148148148147,0.962962962962963,622.0
1.0,0.8888888888888886,0.8148148148148147,0.962962962962963,623.0
1.0,0.8888888888888886,0.8148148148148147,0.962962962962963,624.0
1.0,0.8888888888888886,0.8148148148148147,0.962962962962963,625.0
1.0,0.8888888888888886,0.8148148148148147,0.962962962962963,626.0
1.0,0.8888888888888886,0.8148148148148147,0.962962962962963,627.0
1.0,0.8888888888888886,0.8148148148148147,0.962962962962963,628.0
1.0,0.8888888888888886,0.8148148148148147,0.962962962962963,629.0
1.0,0.8888888888888886,0.8148148148148147,0.962962962962963,630.0
1.0,0.8888888888888886,0.8148148148148147,0.962962962962963,631.0
1.0,0.8888888888888886,0.8148148148148147,0.962962962962963,632.0
1.0,0.8888888888888886,0.8148148148148147,0.962962962962963,633.0
1.0,0.8888888888888886,0.8148148148148147,0.962962962962963,634.0
1.0,0.8888888888888886,0.8148148148148147,0.962962962962963,635.0
1.0,0.8888888888888886,0.8148148148148147,0.962962962962963,636.0
1.0,0.8888888888888886,0.8148148148148147,0.962962962962963,637.0
1.0,0.8888888888888886,0.8148148148148147,0.962962962962963,638.0
1.0,0.8888888888888886,0.8148148148148147,0.962962962962963,639.0
1.0,0.8888888888888886,0.8148148148148147,0.962962962962963,640.0
1.0,0.8888888888888886,0.8148148148148147,0.962962962962963,641.0
1.0,0.8888888888888886,0.8148148148148147,0.962962962962963,642.0
1.0,0.8888888888888886,0.8148148148148147,0.962962962962963,643.0
1.0,0.8888888888888886,0.8148148148148147,0.962962962962963,644.0
1.0,0.8888888888888886,0.8148148148148147,0.962962962962963,645.0
1.0,0.8888888888888886,0.8148148148148147,0.962962962962963,646.0
1.0,0.8888888888888886,0.8148148148148147,0.962962962962963,647.0
1.0,0.8888888888888886,0.8148148148148147,0.962962962962963,648.0
1.0,0.8888888888888886,0.8148148148148147,0.962962962962963,649.0
1.0,0.8888888888888886,0.8148148148148147,0.962962962962963,650.0
1.0,0.8888888888888886,0.8148148148148147,0.962962962962963,651.0
1.0,0.8888888888888886,0.8148148148148147,0.962962962962963,652.0
1.0,0.8888888888888886,0.8148148148148147,0.962962962962963,653.0
1.0,0.8888888888888886,0.8148148148148147,0.962962962962963,654.0
1.0,0.8888888888888886,0.8148148148148147,0.962962962962963,655.0
1.0,0.8888888888888886,0.8148148148148147,0.962962962962963,656.0
1.0,0.8888888888888886,0.8148148148148147,0.962962962962963,657.0
1.0,0.8888888888888886,0.8148148148148147,0.962962962962963,658.0
1.0,0.8888888888888886,0.8148148148148147,0.962962962962963,659.0
1.0,0.8888888888888886,0.8148148148148147,0.962962962962963,660.0
1.0,0.8888888888888886,0.8148148148148147,0.962962962962963,661.0
1.0,0.8888888888888886,0.8148148148148147,0.962962962962963,662.0
1.0,0.8888888888888886,0.8148148148148147,0.962962962962963,663.0
1.0,0.8888888888888886,0.8148148148148147,0.962962962962963,664.0
1.0,0.8888888888888886,0.8148148148148147,0.962962962962963,665.0
1.0,0.8888888888888886,0.8148148148148147,0.962962962962963,666.0
1.0,0.8888888888888886,0.8148148148148147,0.962962962962963,667.0
1.0,0.8888888888888886,0.8148148148148147,0.962962962962963,668.0
1.0,0.8888888888888886,0.8148148148148147,0.962962962962963,669.0
1.0,0.8888888888888886,0.8148148148148147,0.962962962962963,670.0
1.0,0.8888888888888886,0.8148148148148147,0.962962962962963,671.0
1.0,0.8888888888888886,0.8148148148148147,0.962962962962963,672.0
1.0,0.8888888888888886,0.8148148148148147,0.962962962962963,673.0
1.0,0.8888888888888886,0.8148148148148147,0.962962962962963,674.0
1.0,0.8888888888888886,0.8148148148148147,0.962962962962963,675.0
1.0,0.8888888888888886,0.8148148148148147,0.962962962962963,676.0
1.0,0.8888888888888886,0.8148148148148147,0.962962962962963,677.0
1.0,0.8888888888888886,0.8148148148148147,0.962962962962963,678.0
1.0,0.8888888888888886,0.8148148148148147,0.962962962962963,679.0
1.0,0.8888888888888886,0.8148148148148147,0.962962962962963,680.0
1.0,0.8888888888888886,0.8148148148148147,0.962962962962963,681.0
1.0,0.8888888888888886,0.8148148148148147,0.962962962962963,682.0
1.0,0.8888888888888886,0.8148148148148147,0.962962962962963,683.0
1.0,0.8888888888888886,0.8148148148148147,0.962962962962963,684.0
1.0,0.8888888888888886,0.8148148148148147,0.962962962962963,685.0
1.0,0.8888888888888886,0.8148148148148147,0.962962962962963,686.0
1.0,0.8888888888888886,0.8148148148148147,0.962962962962963,687.0
1.0,0.8888888888888886,0.8148148148148147,0.962962962962963,688.0
1.0,0.8888888888888886,0.8148148148148147,0.962962962962963,689.0
1.0,0.8888888888888886,0.8148148148148147,0.962962962962963,690.0
1.0,0.8888888888888886,0.8148148148148147,0.962962962962963,691.0
1.0,0.8888888888888886,0.8148148148148147,0.962962962962963,692.0
1.0,0.8888888888888886,0.8148148148148147,0.962962962962963,693.0
1.0,0.8888888888888886,0.8148148148148147,0.962962962962963,694.0
1.0,0.8888888888888886,0.8148148148148147,0.962962962962963,695.0
1.0,0.8888888888888886,0.8148148148148147,0.962962962962963,696.0
1.0,0.8888888888888886,0.8148148148148147,0.962962962962963,697.0
1.0,0.8888888888888886,0.8148148148148147,0.962962962962963,698.0
1.0,0.8888888888888886,0.8148148148148147,0.962962962962963,699.0
1.0,0.8888888888888886,0.8148148148148147,0.962962962962963,700.0
1.0,0.8888888888888886,0.8148148148148147,0.962962962962963,701.0
1.0,0.8888888888888886,0.8148148148148147,0.962962962962963,702.0
1.0,0.8888888888888886,0.8148148148148147,0.962962962962963,703.0
1.0,0.8888888888888886,0.8148148148148147,0.962962962962963,704.0
1.0,0.8888888888888886,0.8148148148148147,0.962962962962963,705.0
1.0,0.8888888888888886,0.8148148148148147,0.962962962962963,706.0
1.0,0.8888888888888886,0.8148148148148147,0.962962962962963,707.0
1.0,0.8888888888888886,0.8148148148148147,0.962962962962963,708.0
1.0,0.8888888888888886,0.8148148148148147,0.962962962962963,709.0
1.0,0.8888888888888886,0.8148148148148147,0.962962962962963,710.0
1.0,0.8888888888888886,0.8148148148148147,0.962962962962963,711.0
1.0,0.8888888888888886,0.8148148148148147,0.962962962962963,712.0
1.0,0.8888888888888886,0.8148148148148147,0.962962962962963,713.0
1.0,0.8888888888888886,0.8148148148148147,0.962962962962963,714.0
1.0,0.8888888888888886,0.8148148148148147,0.962962962962963,715.0
1.0,0.8888888888888886,0.8148148148148147,0.962962962962963,716.0
1.0,0.8888888888888886,0.8148148148148147,0.962962962962963,717.0
1.0,0.8888888888888886,0.8148148148148147,0.962962962962963,718.0
1.0,0.8888888888888886,0.8148148148148147,0.962962962962963,719.0
1.0,0.8888888888888886,0.8148148148148147,0.962962962962963,720.0
1.0,0.8888888888888886,0.8148148148148147,0.962962962962963,721.0
1.0,0.8888888888888886,0.8148148148148147,0.962962962962963,722.0
1.0,0.8888888888888886,0.8148148148148147,0.962962962962963,723.0
1.0,0.8888888888888886,0.8148148148148147,0.962962962962963,724.0
1.0,0.8888888888888886,0.8148148148148147,0.962962962962963,725.0
1.0,0.8888888888888886,0.8148148148148147,0.962962962962963,726.0
1.0,0.8888888888888886,0.8148148148148147,0.962962962962963,727.0
1.0,0.8888888888888886,0.8148148148148147,0.962962962962963,728.0
1.0,0.8888888888888886,0.8148148148148147,0.962962962962963,729.0
1.0,0.8888888888888886,0.8148148148148147,0.962962962962963,730.0
1.0,0.8888888888888886,0.8148148148148147,0.962962962962963,731.0
1.0,0.8888888888888886,0.8148148148148147,0.962962962962963,732.0
1.0,0.8888888888888886,0.8148148148148147,0.962962962962963,733.0
1.0,0.8888888888888886,0.8148148148148147,0.962962962962963,734.0
1.0,0.8888888888888886,0.8148148148148147,0.962962962962963,735.0
1.0,0.8888888888888886,0.8148148148148147,0.962962962962963,736.0
1.0,0.8888888888888886,0.8148148148148147,0.962962962962963,737.0
1.0,0.8888888888888886,0.8148148148148147,0.962962962962963,738.0
1.0,0.8888888888888886,0.8148148148148147,0.962962962962963,739.0
1.0,0.8888888888888886,0.8148148148148147,0.962962962962963,740.0
1.0,0.8888888888888886,0.8148148148148147,0.962962962962963,741.0
1.0,0.8888888888888886,0.8148148148148147,0.962962962962963,742.0
1.0,0.8888888888888886,0.8148148148148147,0.962962962962963,743.0
1.0,0.8888888888888886,0.8148148148148147,0.962962962962963,744.0
1.0,0.8888888888888886,0.8148148148148147,0.962962962962963,745.0
1.0,0.8888888888888886,0.8148148148148147,0.962962962962963,746.0
1.0,0.8888888888888886,0.8148148148148147,0.962962962962963,747.0
1.0,0.8888888888888886,0.8148148148148147,0.962962962962963,748.0
1.0,0.8888888888888886,0.8148148148148147,0.962962962962963,749.0
1.0,0.8888888888888886,0.8148148148148147,0.962962962962963,750.0
1.0,0.9259259259259257,0.8518518518518517,0.962962962962963,751.0
1.0,0.9259259259259257,0.8518518518518517,0.962962962962963,752.0
1.0,0.9259259259259257,0.8518518518518517,0.962962962962963,753.0
1.0,0.9259259259259257,0.8518518518518517,0.962962962962963,754.0
1.0,0.9259259259259257,0.8518518518518517,0.962962962962963,755.0
1.0,0.9259259259259257,0.8518518518518517,0.962962962962963,756.0
1.0,0.9259259259259257,0.8518518518518517,0.962962962962963,757.0
1.0,0.9259259259259257,0.8518518518518517,0.962962962962963,758.0
1.0,0.9259259259259257,0.8518518518518517,0.962962962962963,759.0
1.0,0.9259259259259257,0.8518518518518517,0.962962962962963,760.0
1.0,0.9259259259259257,0.8518518518518517,0.962962962962963,761.0
1.0,0.9259259259259257,0.8518518518518517,0.962962962962963,762.0
1.0,0.9259259259259257,0.8518518518518517,0.962962962962963,763.0
1.0,0.9259259259259257,0.8518518518518517,0.962962962962963,764.0
1.0,0.9259259259259257,0.8518518518518517,0.962962962962963,765.0
1.0,0.9259259259259257,0.8518518518518517,0.962962962962963,766.0
1.0,0.9259259259259257,0.8518518518518517,0.962962962962963,767.0
1.0,0.9259259259259257,0.8518518518518517,0.962962962962963,768.0
1.0,0.9259259259259257,0.8518518518518517,0.962962962962963,769.0
1.0,0.9259259259259257,0.8518518518518517,0.962962962962963,770.0
1.0,0.9259259259259257,0.8518518518518517,0.962962962962963,771.0
1.0,0.9259259259259257,0.8518518518518517,0.962962962962963,772.0
1.0,0.9259259259259257,0.8518518518518517,0.962962962962963,773.0
1.0,0.9259259259259257,0.8518518518518517,0.962962962962963,774.0
1.0,0.9259259259259257,0.8518518518518517,0.962962962962963,775.0
1.0,0.9259259259259257,0.8518518518518517,0.962962962962963,776.0
1.0,0.9259259259259257,0.8518518518518517,0.962962962962963,777.0
1.0,0.9259259259259257,0.8518518518518517,0.962962962962963,778.0
1.0,0.9259259259259257,0.8518518518518517,0.962962962962963,779.0
1.0,0.9259259259259257,0.8518518518518517,0.962962962962963,780.0
1.0,0.9259259259259257,0.8518518518518517,0.962962962962963,781.0
1.0,0.9259259259259257,0.8518518518518517,0.962962962962963,782.0
1.0,0.9259259259259257,0.8518518518518517,0.962962962962963,783.0
1.0,0.9259259259259257,0.8518518518518517,0.962962962962963,784.0
1.0,0.9259259259259257,0.8518518518518517,0.962962962962963,785.0
1.0,0.9259259259259257,0.8518518518518517,0.962962962962963,786.0
1.0,0.9259259259259257,0.8518518518518517,0.962962962962963,787.0
1.0,0.9259259259259257,0.8518518518518517,0.962962962962963,788.0
1.0,0.9259259259259257,0.8518518518518517,0.962962962962963,789.0
1.0,0.9259259259259257,0.8518518518518517,0.962962962962963,790.0
1.0,0.9259259259259257,0.8518518518518517,0.962962962962963,791.0
1.0,0.9259259259259257,0.8518518518518517,0.962962962962963,792.0
1.0,0.9259259259259257,0.8518518518518517,0.962962962962963,793.0
1.0,0.9259259259259257,0.8518518518518517,0.962962962962963,794.0
1.0,0.9259259259259257,0.8518518518518517,0.962962962962963,795.0
1.0,0.9259259259259257,0.8518518518518517,0.962962962962963,796.0
1.0,0.9259259259259257,0.8518518518518517,0.962962962962963,797.0
1.0,0.9259259259259257,0.8518518518518517,0.962962962962963,798.0
1.0,0.9259259259259257,0.8518518518518517,0.962962962962963,799.0
1.0,0.9259259259259257,0.8518518518518517,0.962962962962963,800.0
1.0,0.9259259259259257,0.8518518518518517,0.962962962962963,801.0
1.0,0.9259259259259257,0.8518518518518517,0.962962962962963,802.0
1.0,0.9259259259259257,0.8518518518518517,0.962962962962963,803.0
1.0,0.9259259259259257,0.8518518518518517,0.962962962962963,804.0
1.0,0.9259259259259257,0.8518518518518517,0.962962962962963,805.0
1.0,0.9259259259259257,0.8518518518518517,0.962962962962963,806.0
1.0,0.9259259259259257,0.8518518518518517,0.962962962962963,807.0
1.0,0.9259259259259257,0.8518518518518517,0.962962962962963,808.0
1.0,0.9259259259259257,0.8518518518518517,0.962962962962963,809.0
1.0,0.9259259259259257,0.8518518518518517,0.962962962962963,810.0
1.0,0.9259259259259257,0.8518518518518517,0.962962962962963,811.0
1.0,0.9259259259259257,0.8518518518518517,0.962962962962963,812.0
1.0,0.9259259259259257,0.8518518518518517,0.962962962962963,813.0
1.0,0.9259259259259257,0.8518518518518517,0.962962962962963,814.0
1.0,0.9259259259259257,0.8518518518518517,0.962962962962963,815.0
1.0,0.9259259259259257,0.8518518518518517,0.962962962962963,816.0
1.0,0.9259259259259257,0.8518518518518517,0.962962962962963,817.0
1.0,0.9259259259259257,0.8518518518518517,0.962962962962963,818.0
1.0,0.9259259259259257,0.8518518518518517,0.962962962962963,819.0
1.0,0.9259259259259257,0.8518518518518517,0.962962962962963,820.0
1.0,0.9259259259259257,0.8518518518518517,0.962962962962963,821.0
1.0,0.9259259259259257,0.8518518518518517,0.962962962962963,822.0
1.0,0.9259259259259257,0.8518518518518517,0.962962962962963,823.0
1.0,0.9259259259259257,0.8518518518518517,0.962962962962963,824.0
1.0,0.9259259259259257,0.8518518518518517,0.962962962962963,825.0
1.0,0.9259259259259257,0.8518518518518517,0.962962962962963,826.0
1.0,0.9259259259259257,0.8518518518518517,0.962962962962963,827.0
1.0,0.9259259259259257,0.8518518518518517,0.962962962962963,828.0
1.0,0.9259259259259257,0.8518518518518517,0.962962962962963,829.0
1.0,0.9259259259259257,0.8518518518518517,0.962962962962963,830.0
1.0,0.9259259259259257,0.8518518518518517,0.962962962962963,831.0
1.0,0.9259259259259257,0.8518518518518517,0.962962962962963,832.0
1.0,0.9259259259259257,0.8518518518518517,0.962962962962963,833.0
1.0,0.9259259259259257,0.8518518518518517,0.962962962962963,834.0
1.0,0.9259259259259257,0.8518518518518517,0.962962962962963,835.0
1.0,0.9259259259259257,0.8518518518518517,0.962962962962963,836.0
1.0,0.9259259259259257,0.8518518518518517,0.962962962962963,837.0
1.0,0.9259259259259257,0.8518518518518517,0.962962962962963,838.0
1.0,0.9259259259259257,0.8518518518518517,0.962962962962963,839.0
1.0,0.9259259259259257,0.8518518518518517,0.962962962962963,840.0
1.0,0.9259259259259257,0.8518518518518517,0.962962962962963,841.0
1.0,0.9259259259259257,0.8518518518518517,0.962962962962963,842.0
1.0,0.9259259259259257,0.8518518518518517,0.962962962962963,843.0
1.0,0.9259259259259257,0.8518518518518517,0.962962962962963,844.0
1.0,0.9259259259259257,0.8518518518518517,0.962962962962963,845.0
1.0,0.9259259259259257,0.8518518518518517,0.962962962962963,846.0
1.0,0.9259259259259257,0.8518518518518517,0.962962962962963,847.0
1.0,0.9259259259259257,0.8518518518518517,0.962962962962963,848.0
1.0,0.9259259259259257,0.8518518518518517,0.962962962962963,849.0
1.0,0.9259259259259257,0.8518518518518517,0.962962962962963,850.0
1.0,0.9259259259259257,0.8518518518518517,0.962962962962963,851.0
1.0,0.9259259259259257,0.8518518518518517,0.962962962962963,852.0
1.0,0.9259259259259257,0.8518518518518517,0.962962962962963,853.0
1.0,0.9259259259259257,0.8518518518518517,0.962962962962963,854.0
1.0,0.9259259259259257,0.8518518518518517,0.962962962962963,855.0
1.0,0.9259259259259257,0.8518518518518517,0.962962962962963,856.0
1.0,0.9259259259259257,0.8518518518518517,0.962962962962963,857.0
1.0,0.9259259259259257,0.8518518518518517,0.962962962962963,858.0
1.0,0.9259259259259257,0.8518518518518517,0.962962962962963,859.0
1.0,0.9259259259259257,0.8518518518518517,0.962962962962963,860.0
1.0,0.9259259259259257,0.8518518518518517,0.962962962962963,861.0
1.0,0.9259259259259257,0.8518518518518517,0.962962962962963,862.0
1.0,0.9259259259259257,0.8518518518518517,0.962962962962963,863.0
1.0,0.9259259259259257,0.8518518518518517,0.962962962962963,864.0
1.0,0.9259259259259257,0.8518518518518517,0.962962962962963,865.0
1.0,0.9259259259259257,0.8518518518518517,0.962962962962963,866.0
1.0,0.9259259259259257,0.8518518518518517,0.962962962962963,867.0
1.0,0.9259259259259257,0.8518518518518517,0.962962962962963,868.0
1.0,0.9259259259259257,0.8518518518518517,0.962962962962963,869.0
1.0,0.9259259259259257,0.8518518518518517,0.962962962962963,870.0
1.0,0.9259259259259257,0.8518518518518517,0.962962962962963,871.0
1.0,0.9259259259259257,0.8518518518518517,0.962962962962963,872.0
1.0,0.9259259259259257,0.8518518518518517,0.962962962962963,873.0
1.0,0.9259259259259257,0.8518518518518517,0.962962962962963,874.0
1.0,0.9259259259259257,0.8518518518518517,0.962962962962963,875.0
1.0,0.9259259259259257,0.8518518518518517,0.962962962962963,876.0
1.0,0.9259259259259257,0.8518518518518517,0.962962962962963,877.0
1.0,0.9259259259259257,0.8518518518518517,0.962962962962963,878.0
1.0,0.9259259259259257,0.8518518518518517,0.962962962962963,879.0
1.0,0.9259259259259257,0.8518518518518517,0.962962962962963,880.0
1.0,0.9259259259259257,0.8518518518518517,0.962962962962963,881.0
1.0,0.9259259259259257,0.8518518518518517,0.962962962962963,882.0
1.0,0.9259259259259257,0.8518518518518517,0.962962962962963,883.0
1.0,0.9259259259259257,0.8518518518518517,0.962962962962963,884.0
1.0,0.9259259259259257,0.8518518518518517,0.962962962962963,885.0
1.0,0.9259259259259257,0.8518518518518517,0.962962962962963,886.0
1.0,0.9259259259259257,0.8518518518518517,0.962962962962963,887.0
1.0,0.9259259259259257,0.8518518518518517,0.962962962962963,888.0
1.0,0.9259259259259257,0.8518518518518517,0.962962962962963,889.0
1.0,0.9259259259259257,0.8518518518518517,0.962962962962963,890.0
1.0,0.9259259259259257,0.8518518518518517,0.962962962962963,891.0
1.0,0.9259259259259257,0.8518518518518517,0.962962962962963,892.0
1.0,0.9259259259259257,0.8518518518518517,0.962962962962963,893.0
1.0,0.9259259259259257,0.8518518518518517,0.962962962962963,894.0
1.0,0.9259259259259257,0.8518518518518517,0.962962962962963,895.0
1.0,0.9259259259259257,0.8518518518518517,0.962962962962963,896.0
1.0,0.9259259259259257,0.8518518518518517,0.962962962962963,897.0
1.0,0.9259259259259257,0.8518518518518517,0.962962962962963,898.0
1.0,0.9259259259259257,0.8518518518518517,0.962962962962963,899.0
1.0,0.9259259259259257,0.8518518518518517,0.962962962962963,900.0
1.0,0.9629629629629629,0.8888888888888888,0.962962962962963,901.0
1.0,0.9629629629629629,0.8888888888888888,0.962962962962963,902.0
1.0,0.9629629629629629,0.8888888888888888,0.962962962962963,903.0
1.0,0.9629629629629629,0.8888888888888888,0.962962962962963,904.0
1.0,0.9629629629629629,0.8888888888888888,0.962962962962963,905.0
1.0,0.9629629629629629,0.8888888888888888,0.962962962962963,906.0
1.0,0.9629629629629629,0.8888888888888888,0.962962962962963,907.0
1.0,0.9629629629629629,0.8888888888888888,0.962962962962963,908.0
1.0,0.9629629629629629,0.8888888888888888,0.962962962962963,909.0
1.0,0.9629629629629629,0.8888888888888888,0.962962962962963,910.0
1.0,0.9629629629629629,0.8888888888888888,0.962962962962963,911.0
1.0,0.9629629629629629,0.8888888888888888,0.962962962962963,912.0
1.0,0.9629629629629629,0.8888888888888888,0.962962962962963,913.0
1.0,0.9629629629629629,0.8888888888888888,0.962962962962963,914.0
1.0,0.9629629629629629,0.8888888888888888,0.962962962962963,915.0
1.0,0.9629629629629629,0.8888888888888888,0.962962962962963,916.0
1.0,0.9629629629629629,0.8888888888888888,0.962962962962963,917.0
1.0,0.9629629629629629,0.8888888888888888,0.962962962962963,918.0
1.0,0.9629629629629629,0.8888888888888888,0.962962962962963,919.0
1.0,0.9629629629629629,0.8888888888888888,0.962962962962963,920.0
1.0,0.9629629629629629,0.8888888888888888,0.962962962962963,921.0
1.0,0.9629629629629629,0.8888888888888888,0.962962962962963,922.0
1.0,0.9629629629629629,0.8888888888888888,0.962962962962963,923.0
1.0,0.9629629629629629,0.8888888888888888,0.962962962962963,924.0
1.0,0.9629629629629629,0.8888888888888888,0.962962962962963,925.0
1.0,0.9629629629629629,0.8888888888888888,0.962962962962963,926.0
1.0,0.9629629629629629,0.8888888888888888,0.962962962962963,927.0
1.0,0.9629629629629629,0.8888888888888888,0.962962962962963,928.0
1.0,0.9629629629629629,0.8888888888888888,0.962962962962963,929.0
1.0,0.9629629629629629,0.8888888888888888,0.962962962962963,930.0
1.0,0.9629629629629629,0.8888888888888888,0.962962962962963,931.0
1.0,0.9629629629629629,0.8888888888888888,0.962962962962963,932.0
1.0,0.9629629629629629,0.8888888888888888,0.962962962962963,933.0
1.0,0.9629629629629629,0.8888888888888888,0.962962962962963,934.0
1.0,0.9629629629629629,0.8888888888888888,0.962962962962963,935.0
1.0,0.9629629629629629,0.8888888888888888,0.962962962962963,936.0
1.0,0.9629629629629629,0.8888888888888888,0.962962962962963,937.0
1.0,0.9629629629629629,0.8888888888888888,0.962962962962963,938.0
1.0,0.9629629629629629,0.8888888888888888,0.962962962962963,939.0
1.0,0.9629629629629629,0.8888888888888888,0.962962962962963,940.0
1.0,0.9629629629629629,0.8888888888888888,0.962962962962963,941.0
1.0,0.9629629629629629,0.8888888888888888,0.962962962962963,942.0
1.0,0.9629629629629629,0.8888888888888888,0.962962962962963,943.0
1.0,0.9629629629629629,0.8888888888888888,0.962962962962963,944.0
1.0,0.9629629629629629,0.8888888888888888,0.962962962962963,945.0
1.0,0.9629629629629629,0.8888888888888888,0.962962962962963,946.0
1.0,0.9629629629629629,0.8888888888888888,0.962962962962963,947.0
1.0,0.9629629629629629,0.8888888888888888,0.962962962962963,948.0
1.0,0.9629629629629629,0.8888888888888888,0.962962962962963,949.0
1.0,0.9629629629629629,0.8888888888888888,0.962962962962963,950.0
1.0,0.9629629629629629,0.8888888888888888,0.962962962962963,951.0
1.0,0.9629629629629629,0.8888888888888888,0.962962962962963,952.0
1.0,0.9629629629629629,0.8888888888888888,0.962962962962963,953.0
1.0,0.9629629629629629,0.8888888888888888,0.962962962962963,954.0
1.0,0.9629629629629629,0.8888888888888888,0.962962962962963,955.0
1.0,0.9629629629629629,0.8888888888888888,0.962962962962963,956.0
1.0,0.9629629629629629,0.8888888888888888,0.962962962962963,957.0
1.0,0.9629629629629629,0.8888888888888888,0.962962962962963,958.0
1.0,0.9629629629629629,0.8888888888888888,0.962962962962963,959.0
1.0,0.9629629629629629,0.8888888888888888,0.962962962962963,960.0
1.0,0.9629629629629629,0.8888888888888888,0.962962962962963,961.0
1.0,0.9629629629629629,0.8888888888888888,0.962962962962963,962.0
1.0,0.9629629629629629,0.8888888888888888,0.962962962962963,963.0
1.0,0.9629629629629629,0.8888888888888888,0.962962962962963,964.0
1.0,0.9629629629629629,0.8888888888888888,0.962962962962963,965.0
1.0,0.9629629629629629,0.8888888888888888,0.962962962962963,966.0
1.0,0.9629629629629629,0.8888888888888888,0.962962962962963,967.0
1.0,0.9629629629629629,0.8888888888888888,0.962962962962963,968.0
1.0,0.9629629629629629,0.8888888888888888,0.962962962962963,969.0
1.0,0.9629629629629629,0.8888888888888888,0.962962962962963,970.0
1.0,0.9629629629629629,0.8888888888888888,0.962962962962963,971.0
1.0,0.9629629629629629,0.8888888888888888,0.962962962962963,972.0
1.0,0.9629629629629629,0.8888888888888888,0.962962962962963,973.0
1.0,0.9629629629629629,0.8888888888888888,0.962962962962963,974.0
1.0,0.9629629629629629,0.8888888888888888,0.962962962962963,975.0
1.0,0.9629629629629629,0.8888888888888888,0.962962962962963,976.0
1.0,0.9629629629629629,0.8888888888888888,0.962962962962963,977.0
1.0,0.9629629629629629,0.8888888888888888,0.962962962962963,978.0
1.0,0.9629629629629629,0.8888888888888888,0.962962962962963,979.0
1.0,0.9629629629629629,0.8888888888888888,0.962962962962963,980.0
1.0,0.9629629629629629,0.8888888888888888,0.962962962962963,981.0
1.0,0.9629629629629629,0.8888888888888888,0.962962962962963,982.0
1.0,0.9629629629629629,0.8888888888888888,0.962962962962963,983.0
1.0,0.9629629629629629,0.8888888888888888,0.962962962962963,984.0
1.0,0.9629629629629629,0.8888888888888888,0.962962962962963,985.0
1.0,0.9629629629629629,0.8888888888888888,0.962962962962963,986.0
1.0,0.9629629629629629,0.8888888888888888,0.962962962962963,987.0
1.0,0.9629629629629629,0.8888888888888888,0.962962962962963,988.0
1.0,0.9629629629629629,0.8888888888888888,0.962962962962963,989.0
1.0,0.9629629629629629,0.8888888888888888,0.962962962962963,990.0
1.0,0.9629629629629629,0.8888888888888888,0.962962962962963,991.0
1.0,0.9629629629629629,0.8888888888888888,0.962962962962963,992.0
1.0,0.9629629629629629,0.8888888888888888,0.962962962962963,993.0
1.0,0.9629629629629629,0.8888888888888888,0.962962962962963,994.0
1.0,0.9629629629629629,0.8888888888888888,0.962962962962963,995.0
1.0,0.9629629629629629,0.8888888888888888,0.962962962962963,996.0
1.0,0.9629629629629629,0.8888888888888888,0.962962962962963,997.0
1.0,0.9629629629629629,0.8888888888888888,0.962962962962963,998.0
1.0,0.9629629629629629,0.8888888888888888,0.962962962962963,999.0
1.0,0.9629629629629629,0.8888888888888888,0.962962962962963,1000.0
